#
# zaxisID 1
#
zaxistype = hybrid
size      = 91
name      = lev
longname  = "hybrid sigma pressure coordinate"
units     = "level"
levels    = 1 2 3 4 5 6 7 8 9 10 11 12 13 14 15 16 17 18 19 20 21 22 23 24 25 26
            27 28 29 30 31 32 33 34 35 36 37 38 39 40 41 42 43 44 45 46 47 48 49
            50 51 52 53 54 55 56 57 58 59 60 61 62 63 64 65 66 67 68 69 70 71 72
            73 74 75 76 77 78 79 80 81 82 83 84 85 86 87 88 89 90 91
vctsize   = 184
vct       = 0 2.00004 3.980832 7.387186 12.908319 21.413612 33.952858 51.746601 76.167656 
            108.715561 150.986023 204.637451 271.356506 352.824493 450.685791 566.519226 
            701.813354 857.945801 1036.166504 1237.585449 1463.16394 1713.709595 
            1989.87439 2292.155518 2620.898438 2976.302246 3358.425781 3767.196045 
            4202.416504 4663.776367 5150.859863 5663.15625 6199.839355 6759.727051 
            7341.469727 7942.92627 8564.624023 9208.305664 9873.560547 10558.881836 
            11262.484375 11982.662109 12713.897461 13453.225586 14192.009766 14922.685547 
            15638.053711 16329.560547 16990.623047 17613.28125 18191.029297 18716.96875 
            19184.544922 19587.513672 19919.796875 20175.394531 20348.916016 20434.158203 
            20426.21875 20319.011719 20107.03125 19785.357422 19348.775391 18798.822266 
            18141.296875 17385.595703 16544.585938 15633.566406 14665.645508 13653.219727 
            12608.383789 11543.166992 10471.310547 9405.222656 8356.25293 7335.164551 
            6353.920898 5422.802734 4550.21582 3743.464355 3010.146973 2356.202637 
            1784.854614 1297.656128 895.193542 576.314148 336.772369 162.043427 54.208336 
            6.575628 0.00316 0 
            0 0 0 0 0 0 0 0 0 0 0 0 0 0 0 0 0 0 0 0 0 0 0 0 0 0 0 0 0 0 0 0 0 0 2.724e-07 
            1.39116e-05 5.46672e-05 0.0001313641 0.0002788848 0.0005483841 0.0010001344 
            0.0017010754 0.0027647193 0.0042670486 0.0063221669 0.0090349903 0.0125082629 
            0.016859578 0.0221886449 0.0286103487 0.0362269096 0.0451461338 0.0554742292 
            0.0673161894 0.0807773024 0.0959640592 0.1129790097 0.1319348216 0.1529335231 
            0.1760910898 0.20152013 0.2293148786 0.2595544755 0.2919934094 0.3263293803 
            0.3622025847 0.3992047608 0.4369063377 0.4750164151 0.513279736 0.551458478 
            0.589317143 0.6265588999 0.662933588 0.6982235909 0.7322238088 0.7646794915 
            0.7953847647 0.824185431 0.8509504199 0.8755183816 0.8977672458 0.917650938 
            0.9351570606 0.9502738118 0.9630070925 0.9734660387 0.9822381139 0.9891529679 
            0.9942041636 0.9976301193 1
