#
# zaxisID 1
#
zaxistype = surface
size      = 1
name      = sfc
longname  = "surface"
levels    = 0 
#
# zaxisID 2
#
zaxistype = hybrid
size      = 91
name      = lev
longname  = "hybrid sigma pressure coordinate"
units     = "1"
levels    = 0.998815075243388 0.99594960524472 0.991978511291574 0.986762660381865 
            0.980313540874389 0.97274229724076 0.963901778032063 0.953536307998668 
            0.941615007155909 0.928143620649075 0.913123690137207 0.8965608815198 
            0.878494055107044 0.858998118101665 0.838145740890526 0.816002034798409 
            0.792654824848766 0.768224656985159 0.74282930934847 0.716571021889181 
            0.689566447465211 0.661960044656057 0.633890810487084 0.605476362405428 
            0.57684238539113 0.548136101277017 0.519577566896743 0.491446710127572 
            0.464017700935073 0.437546608029521 0.412271137026376 0.388292621836837 
            0.365574386237811 0.344064455858512 0.323705739824685 0.304443459182297 
            0.286225067210067 0.269000165821046 0.252720442924476 0.237339609933259 
            0.222813331702467 0.209099164787799 0.196156488149618 0.183946433650839 
            0.172431831913114 0.161577149708808 0.151348429638737 0.141713237663644 
            0.132640596740526 0.124100943587355 0.116056484416408 0.108454329375833 
            0.101239898368085 0.0943668131299901 0.0877956047790402 0.0814927167032322 
            0.075429722135702 0.0695841321437454 0.0639504880631631 0.0585393318776215 
            0.0533630205428078 0.0484314642487047 0.0437512601579077 0.0393269802566001 
            0.0351622098494942 0.0312594523908216 0.0276200379175919 0.0242440362990377 
            0.0211301747248951 0.0182757660251665 0.0156766520355292 0.0133271620478658 
            0.0112200935257834 0.00934671751788798 0.00769681300271404 0.00625873466567974 
            0.00501951649148779 0.00396501497162596 0.00308009375277572 0.00234884755489761 
            0.00175486540340489 0.00128152767826301 0.000912327742413027 0.000631207781889958 
            0.000422893950160375 0.000273212287194671 0.000169365561312608 0.000100150530471256 
            5.60968073032322e-05 2.95133086602517e-05 9.86943005181347e-06 
lbounds   = 1 0.997630150486775 0.994269060002665 0.989687962580484 0.983837358183247 
            0.976789723565532 0.968694870915988 0.959108685148137 0.947963930849198 
            0.93526608346262 0.921021157835529 0.905226222438885 0.887895540600716 
            0.869092569613373 0.848903666589958 0.827387815191093 0.804616254405724 
            0.780693395291808 0.75575591867851 0.729902700018431 0.703239343759931 
            0.675893551170491 0.648026538141623 0.619755082832544 0.591197641978312 
            0.562487128803948 0.533785073750086 0.5053700600434 0.477523360211744 
            0.450512041658401 0.424581174400641 0.39996109965211 0.376624144021564 
            0.354524628454059 0.333604283262966 0.313807196386405 0.295079721978189 
            0.277370412441944 0.260629919200148 0.244810966648803 0.229868253217715 
            0.215758410187219 0.202439919388379 0.189873056910856 0.178019810390822 
            0.166843853435406 0.156310445982211 0.146386413295263 0.137040062032026 
            0.128241131449025 0.119960755725685 0.112152213107131 0.104756445644535 
            0.0977233510916358 0.0910102751683444 0.084580934389736 0.0784044990167283 
            0.0724549452546756 0.0667133190328152 0.061187657093511 0.0558910066617321 
            0.0508350344238835 0.0460278940735258 0.0414746262422897 0.0371793342709104 
            0.033145085428078 0.0293738193535653 0.0258662564816186 0.0226218161164569 
            0.0196385333333333 0.0169129987169998 0.0144403053540587 0.0122140187416728 
            0.0102261683098939 0.00846726672588206 0.00692635927954602 0.00559111005181347 
            0.0044479229311621 0.00348210701208981 0.00267808049346163 0.00201961461633358 
            0.00149011619047619 0.00107293916604984 0.000751716318776215 0.000510699245003701 
            0.000335088655317049 0.000211335919072292 0.000127395203552924 7.2905857389588e-05 
            3.92877572168764e-05 1.97388601036269e-05 
ubounds   = 0.997630150486775 0.994269060002665 0.989687962580484 0.983837358183247 
            0.976789723565532 0.968694870915988 0.959108685148137 0.947963930849198 
            0.93526608346262 0.921021157835529 0.905226222438885 0.887895540600716 
            0.869092569613373 0.848903666589958 0.827387815191093 0.804616254405724 
            0.780693395291808 0.75575591867851 0.729902700018431 0.703239343759931 
            0.675893551170491 0.648026538141623 0.619755082832544 0.591197641978312 
            0.562487128803948 0.533785073750086 0.5053700600434 0.477523360211744 
            0.450512041658401 0.424581174400641 0.39996109965211 0.376624144021564 
            0.354524628454059 0.333604283262966 0.313807196386405 0.295079721978189 
            0.277370412441944 0.260629919200148 0.244810966648803 0.229868253217715 
            0.215758410187219 0.202439919388379 0.189873056910856 0.178019810390822 
            0.166843853435406 0.156310445982211 0.146386413295263 0.137040062032026 
            0.128241131449025 0.119960755725685 0.112152213107131 0.104756445644535 
            0.0977233510916358 0.0910102751683444 0.084580934389736 0.0784044990167283 
            0.0724549452546756 0.0667133190328152 0.061187657093511 0.0558910066617321 
            0.0508350344238835 0.0460278940735258 0.0414746262422897 0.0371793342709104 
            0.033145085428078 0.0293738193535653 0.0258662564816186 0.0226218161164569 
            0.0196385333333333 0.0169129987169998 0.0144403053540587 0.0122140187416728 
            0.0102261683098939 0.00846726672588206 0.00692635927954602 0.00559111005181347 
            0.0044479229311621 0.00348210701208981 0.00267808049346163 0.00201961461633358 
            0.00149011619047619 0.00107293916604984 0.000751716318776215 0.000510699245003701 
            0.000335088655317049 0.000211335919072292 0.000127395203552924 7.2905857389588e-05 
            3.92877572168764e-05 1.97388601036269e-05 0 
vctsize   = 184
vct       = 0 0.00316 6.575628 54.208336 162.043427 336.772369 576.314148 895.193542 
            1297.656128 1784.854614 2356.202637 3010.146973 3743.464355 4550.21582 
            5422.802734 6353.920898 7335.164551 8356.25293 9405.222656 10471.310547 
            11543.166992 12608.383789 13653.219727 14665.645508 15633.566406 16544.585938 
            17385.595703 18141.296875 18798.822266 19348.775391 19785.357422 20107.03125 
            20319.011719 20426.21875 20434.158203 20348.916016 20175.394531 19919.796875 
            19587.513672 19184.544922 18716.96875 18191.029297 17613.28125 16990.623047 
            16329.560547 15638.053711 14922.685547 14192.009766 13453.225586 12713.897461 
            11982.662109 11262.484375 10558.881836 9873.560547 9208.305664 8564.624023 
            7942.92627 7341.469727 6759.727051 6199.839355 5663.15625 5150.859863 
            4663.776367 4202.416504 3767.196045 3358.425781 2976.302246 2620.898438 
            2292.155518 1989.87439 1713.709595 1463.16394 1237.585449 1036.166504 
            857.945801 701.813354 566.519226 450.685791 352.824493 271.356506 204.637451 
            150.986023 108.715561 76.167656 51.746601 33.952858 21.413612 12.908319 
            7.387186 3.980832 2.00004 0 
            1 0.9976301193 0.9942041636 0.9891529679 0.9822381139 0.9734660387 0.9630070925 
            0.9502738118 0.9351570606 0.917650938 0.8977672458 0.8755183816 0.8509504199 
            0.824185431 0.7953847647 0.7646794915 0.7322238088 0.6982235909 0.662933588 
            0.6265588999 0.589317143 0.551458478 0.513279736 0.4750164151 0.4369063377 
            0.3992047608 0.3622025847 0.3263293803 0.2919934094 0.2595544755 0.2293148786 
            0.20152013 0.1760910898 0.1529335231 0.1319348216 0.1129790097 0.0959640592 
            0.0807773024 0.0673161894 0.0554742292 0.0451461338 0.0362269096 0.0286103487 
            0.0221886449 0.016859578 0.0125082629 0.0090349903 0.0063221669 0.0042670486 
            0.0027647193 0.0017010754 0.0010001344 0.0005483841 0.0002788848 0.0001313641 
            5.46672e-05 1.39116e-05 2.724e-07 0 0 0 0 0 0 0 0 0 0 0 0 0 0 0 0 0 0 
            0 0 0 0 0 0 0 0 0 0 0 0 0 0 0 0 
standard_name = "atmosphere_hybrid_sigma_pressure_coordinate"
formula = "p = ap + b*ps"
axis = "Z"
name = "lev"
formula_term = "ap: ap b: b ps: ps"
