#
# zaxisID 1
#
zaxistype = hybrid
size      = 30
name      = lev
longname  = "hybrid sigma pressure coordinate"
units     = "1"
levels    = 0.992556095123291 0.976325407391414 0.957485479535535 0.936198398470879 
            0.912644546944648 0.887020248919725 0.85953476652503 0.820858368650079 
            0.763404481112957 0.691389430314302 0.609778694808483 0.524687174707651 
            0.445992574095726 0.379100903868675 0.322241902351379 0.273910816758871 
            0.232828618958592 0.197908086702228 0.168225079774857 0.142994038760662 
            0.121547240763903 0.103317126631737 0.0878212302923203 0.0720124505460262 
            0.0545954797416925 0.0382682997733355 0.0246122200042009 0.0143566322512925 
            0.00759481964632869 0.00364346569404006 
lbounds   = 1 0.985112190246582 0.967538624536246 0.947432334534824 0.924964462406933 
            0.900324631482363 0.873715866357088 0.845353666692972 0.796363070607185 
            0.730445891618729 0.652332969009876 0.56722442060709 0.482149928808212 
            0.40983521938324 0.348366588354111 0.296117216348648 0.251704417169094 
            0.213952820748091 0.181863352656364 0.154586806893349 0.131401270627975 
            0.11169321089983 0.0949410423636436 0.0807014182209969 0.0633234828710556 
            0.0458674766123295 0.0306691229343414 0.0185553170740604 0.0101579474285245 
            0.00503169186413288 
ubounds   = 0.985112190246582 0.967538624536246 0.947432334534824 0.924964462406933 
            0.900324631482363 0.873715866357088 0.845353666692972 0.796363070607185 
            0.730445891618729 0.652332969009876 0.56722442060709 0.482149928808212 
            0.40983521938324 0.348366588354111 0.296117216348648 0.251704417169094 
            0.213952820748091 0.181863352656364 0.154586806893349 0.131401270627975 
            0.11169321089983 0.0949410423636436 0.0807014182209969 0.0633234828710556 
            0.0458674766123295 0.0306691229343414 0.0185553170740604 0.0101579474285245 
            0.00503169186413288 0.00225523952394724 
vctsize   = 62
vct       = 0 0 397.881818935275 853.108894079924 1361.80268600583 1919.67375576496 
            2522.12174236774 3164.26791250706 4273.46378564835 5765.89405536652 7534.44507718086 
            9461.38575673103 11387.5567913055 13024.8308181763 14416.541159153 15599.5160341263 
            16605.0657629967 17459.799349308 18186.3352656364 15458.6806893349 13140.1270627976 
            11169.321089983 9494.10423636436 8070.14182209969 6332.34828710556 4586.74766123295 
            3066.91229343414 1855.53170740604 1015.79474285245 503.169186413288 225.523952394724 
            1 0.985112190246582 0.963559806346893 0.938901245594025 0.911346435546875 
            0.881127893924713 0.848494648933411 0.813710987567902 0.753628432750702 
            0.672786951065063 0.576988518238068 0.47261056303978 0.368274360895157 
            0.279586911201477 0.204201176762581 0.140122056007385 0.0856537595391273 
            0.0393548272550106 0 0 0 0 0 0 0 0 0 0 0 0 0 
axis = "Z"
standard_name = "atmosphere_hybrid_sigma_pressure_coordinate"
formula = "p = a*p0 + b*ps"
