#
# zaxisID 1
#
zaxistype = hybrid
size      = 32
name      = lev
longname  = "hybrid sigma pressure coordinate"
units     = "level"
levels    = 1 2 3 4 5 6 7 8 9 10 11 12 13 14 15 16 17 18 19 20 21 22 23 24 25 26
            27 28 29 30 31 32
vctsize   = 66
vct       = 225.523952394724 503.169186413288 1015.79474285245 1855.53170740604 2973.46755951211 
            3927.30012536049 4711.44989132881 5624.04990196228 6680.04974722862 8070.14182209969 
            9494.10423636436 11169.321089983 13140.1270627975 15458.6806893349 18186.3352656364 
            17459.799349308 16605.0657629967 15599.5160341263 14416.541159153 13024.8308181763 
            11387.5567913055 9461.38575673103 7534.44507718086 5765.89405536652 4273.46378564835 
            3164.26791250706 2522.12174236774 1919.67375576496 1361.80268600583 853.108894079924 
            397.881818935275 0 0 
            0 0 0 0 0 0 0 0 0 0 0 0 0 0 0 0.0393548272550106 0.0856537595391273 0.140122056007385 
            0.204201176762581 0.279586911201477 0.368274360895157 0.47261056303978 
            0.576988518238068 0.672786951065063 0.753628432750702 0.813710987567902 
            0.848494648933411 0.881127893924713 0.911346435546875 0.938901245594025 
            0.963559806346893 0.985112190246582 1 
