#
# zaxisID 1
#
zaxistype = hybrid
size      = 79
name      = lev
longname  = "hybrid sigma pressure coordinate"
units     = "level"
levels    = 1 2 3 4 5 6 7 8 9 10 11 12 13 14 15 16 17 18 19 20 21 22 23 24 25 26
            27 28 29 30 31 32 33 34 35 36 37 38 39 40 41 42 43 44 45 46 47 48 49 50
            51 52 53 54 55 56 57 58 59 60 61 62 63 64 65 66 67 68 69 70 71 72 73 74 75 76 77 78 79
vctsize   = 160
vct       =       0.0000000       2.9668698       7.6267242       15.388093       26.725264       42.103554       62.051609       87.194633       118.27423       156.16547       201.89507       256.66226       321.86316       399.11917
       490.30997       597.61145       723.53943       870.99969       1043.3446       1244.4374       1478.7239       1751.3124       2068.0613       2435.6729       2861.7925       3355.1079       3925.4438       4583.8438
       5342.6221       6215.3755       7216.9185       8363.1221       9670.6084       11156.271       12836.501       14723.878       16798.871       18903.107       20691.379       21901.508       22514.844       22625.885
       22338.771       21742.094       20909.211       19901.949       18773.158       17568.010       16324.621       15074.426       13842.564       12648.387       11506.079       10425.372       9412.2744       8469.7930
       7598.5879       6797.5532       6064.3101       5395.6084       4787.6484       4236.3296       3737.4385       3286.7839       2880.2937       2514.0796       2184.4761       1888.0637       1621.6769       1382.4044
       1167.5817       974.78046       801.79419       646.62384       507.46170       382.67603       270.79608       170.49751       80.589104       0.0000000
     0.00000      0.00000      0.00000      0.00000      0.00000      0.00000      0.00000      0.00000      0.00000      0.00000      0.00000      0.00000      0.00000      0.00000      0.00000      0.00000      0.00000      0.00000
      0.00000      0.00000      0.00000      0.00000      0.00000      0.00000      0.00000      0.00000      0.00000      0.00000  2.49169e-38  2.13259e-28  3.87606e-21  8.14464e-16  6.67897e-12  5.13911e-09  7.00093e-07  2.67316e-05
  0.000394403   0.00275138    0.0105361    0.0263012    0.0501192    0.0808652     0.117240     0.158031     0.202124     0.248488     0.296178     0.344338     0.392219     0.439184     0.484712     0.528402     0.569956     0.609176
     0.645946     0.680218     0.712001     0.741348     0.768343     0.793093     0.815720     0.836354     0.855132     0.872188     0.887654     0.901660     0.914327     0.925771     0.936100     0.945415     0.953810     0.961370
     0.968175     0.974297     0.979802     0.984750     0.989197     0.993192     0.996779      1.00000
