#
# zaxisID 1
#
zaxistype = hybrid
size      = 81
name      = lev
longname  = "hybrid sigma pressure coordinate"
units     = "1"
levels    = 0.997499227523804 0.991498529911041 0.982996940612793 0.97199559211731 
            0.958492994308472 0.941989779472351 0.922485768795013 0.900482535362244 
            0.875977039337158 0.848972499370575 0.819967329502106 0.786951005458832 
            0.746922850608826 0.698884844779968 0.642833292484283 0.581803321838379 
            0.519571840763092 0.460991024971008 0.409506052732468 0.364197701215744 
            0.324281454086304 0.28907772898674 0.257991760969162 0.230508968234062 
            0.20618961751461 0.184643819928169 0.165526792407036 0.148548826575279 
            0.133459955453873 0.12003531306982 0.108074955642223 0.0974065437912941 
            0.0878826230764389 0.0793717727065086 0.0717585310339928 0.0649409517645836 
            0.0588255412876606 0.0532666184008121 0.0481516495347023 0.0434531420469284 
            0.0391445867717266 0.0352009944617748 0.0315978527069092 0.0283111669123173 
            0.025318942964077 0.0226001776754856 0.0201343689113855 0.0179025270044804 
            0.0158866420388222 0.0140692181885242 0.0124337552115321 0.0109652616083622 
            0.00964953005313873 0.00847322028130293 0.00742397597059608 0.0064900522120297 
            0.00566070014610887 0.00492586987093091 0.00427631475031376 0.00370348361320794 
            0.00319953053258359 0.00275730551220477 0.00237306253984571 0.00204121274873614 
            0.00175251788459718 0.00149979058187455 0.0012775898212567 0.00108157808426768 
            0.000908261281438172 0.000754947599489242 0.000619509490206838 0.000500274356454611 
            0.000393224501749501 0.000296789890853688 0.000213644409086555 0.00014552686479874 
            9.29447196540423e-05 5.50711301912088e-05 2.99001058010617e-05 1.46645606946549e-05 
            3.87874842999736e-06 
lbounds   = 1 0.995000004768372 0.987999975681305 0.977999985218048 0.966000020503998 
            0.950999975204468 0.933000028133392 0.912000000476837 0.888999998569489 
            0.862999975681305 0.834999978542328 0.805000007152557 0.768999993801117 
            0.725000023841858 0.672999978065491 0.612999975681305 0.550999999046326 
            0.488590002059937 0.433780014514923 0.385569989681244 0.343120008707047 
            0.3057000041008 0.272680014371872 0.243499994277954 0.217690005898476 
            0.194839999079704 0.174579992890358 0.15658999979496 0.140609994530678 
            0.126399993896484 0.113750003278255 0.102470003068447 0.0924049988389015 
            0.0834150016307831 0.0753770023584366 0.068182997405529 0.0617370009422302 
            0.0559480004012585 0.0506169982254505 0.0457159988582134 0.0412180013954639 
            0.0370969995856285 0.0333289988338947 0.0298890005797148 0.0267539992928505 
            0.0239029992371798 0.021314999088645 0.0189699996262789 0.0168500002473593 
            0.014937000349164 0.013213999569416 0.0116649996489286 0.0102760000154376 
            0.00903259962797165 0.00792250037193298 0.00693329982459545 0.00605389988049865 
            0.00527389999479055 0.00458359997719526 0.00397420022636652 0.00343740009702742 
            0.002965799998492 0.00255249999463558 0.00219679996371269 0.00188839994370937 
            0.0016190999886021 0.00138270005118102 0.00117449997924268 0.000990519998595119 
            0.000827740004751831 0.000683790014591068 0.000556780025362968 0.00044525001430884 
            0.000342790008289739 0.000252430007094517 0.000176469999132678 0.000116080002044328 
            7.1110000135377e-05 4.00790013372898e-05 2.04909993044566e-05 9.3475000539911e-06 
ubounds   = 0.995000004768372 0.987999975681305 0.977999985218048 0.966000020503998 
            0.950999975204468 0.933000028133392 0.912000000476837 0.888999998569489 
            0.862999975681305 0.834999978542328 0.805000007152557 0.768999993801117 
            0.725000023841858 0.672999978065491 0.612999975681305 0.550999999046326 
            0.488590002059937 0.433780014514923 0.385569989681244 0.343120008707047 
            0.3057000041008 0.272680014371872 0.243499994277954 0.217690005898476 
            0.194839999079704 0.174579992890358 0.15658999979496 0.140609994530678 
            0.126399993896484 0.113750003278255 0.102470003068447 0.0924049988389015 
            0.0834150016307831 0.0753770023584366 0.068182997405529 0.0617370009422302 
            0.0559480004012585 0.0506169982254505 0.0457159988582134 0.0412180013954639 
            0.0370969995856285 0.0333289988338947 0.0298890005797148 0.0267539992928505 
            0.0239029992371798 0.021314999088645 0.0189699996262789 0.0168500002473593 
            0.014937000349164 0.013213999569416 0.0116649996489286 0.0102760000154376 
            0.00903259962797165 0.00792250037193298 0.00693329982459545 0.00605389988049865 
            0.00527389999479055 0.00458359997719526 0.00397420022636652 0.00343740009702742 
            0.002965799998492 0.00255249999463558 0.00219679996371269 0.00188839994370937 
            0.0016190999886021 0.00138270005118102 0.00117449997924268 0.000990519998595119 
            0.000827740004751831 0.000683790014591068 0.000556780025362968 0.00044525001430884 
            0.000342790008289739 0.000252430007094517 0.000176469999132678 0.000116080002044328 
            7.1110000135377e-05 4.00790013372898e-05 2.04909993044566e-05 9.3475000539911e-06 
            0 
vctsize   = 164
vct       = 0 261.173796653748 626.818990707397 1149.16658401489 1775.98247528076 
            2559.50698852539 3499.73068237305 4596.66328430176 5798.0640411377 7156.16989135742 
            8618.74465942383 10185.7872009277 12066.2414550781 14364.5706176758 17080.7830810547 
            20214.8727416992 23453.4286499023 26713.4033203125 29576.3916015625 32094.6350097656 
            34311.9995117188 30570.0012207031 27268.0023193359 24350 21769.0002441406 
            19483.9996337891 17457.9986572266 15658.9996337891 14061.0000610352 12639.9993896484 
            11375 10247.0001220703 9240.49987792969 8341.50009155273 7537.69989013672 
            6818.29986572266 6173.69995117188 5594.80018615723 5061.69967651367 4571.59996032715 
            4121.80023193359 3709.70001220703 3332.89985656738 2988.89999389648 2675.3999710083 
            2390.29998779297 2131.4998626709 1896.99993133545 1685.00003814697 1493.70002746582 
            1321.399974823 1166.4999961853 1027.60000228882 903.259944915771 792.250061035156 
            693.330001831055 605.389976501465 527.390003204346 458.360004425049 397.420024871826 
            343.740010261536 296.580004692078 255.250000953674 219.679999351501 188.839995861053 
            161.909997463226 138.270008563995 117.449998855591 99.0520000457764 82.7740013599396 
            68.3790028095245 55.678004026413 44.5250004529953 34.2790007591248 25.2430021762848 
            17.6469996571541 11.608000099659 7.11100026965141 4.00790013372898 2.04909984022379 
            0.934750027954578 0 
            1 0.992388248443604 0.981731772422791 0.966508328914642 0.948240220546722 
            0.925404906272888 0.898002743721008 0.866033375263214 0.831019341945648 
            0.791438281536102 0.748812556266785 0.703142106533051 0.648337602615356 
            0.581354320049286 0.502192139625549 0.410851240158081 0.316465705633163 
            0.221455961465836 0.13801608979702 0.0646236464381218 0 0 0 0 0 0 0 0 
            0 0 0 0 0 0 0 0 0 0 0 0 0 0 0 0 0 0 0 0 0 0 0 0 0 0 0 0 0 0 0 0 0 0 0 
            0 0 0 0 0 0 0 0 0 0 0 0 0 0 0 0 0 0 0 
axis = "Z"
standard_name = "atmosphere_hybrid_sigma_pressure_coordinate"
formula = "p = a*p0 + b*ps"
