#
# zaxisID 1
#
zaxistype = hybrid
size      = 81
name      = lev
longname  = "hybrid sigma pressure coordinate"
units     = "level"
levels    = 1 2 3 4 5 6 7 8 9 10 11 12 13 14 15 16 17 18 19 20 21 22 23 24 25 26
            27 28 29 30 31 32 33 34 35 36 37 38 39 40 41 42 43 44 45 46 47 48 49
            50 51 52 53 54 55 56 57 58 59 60 61 62 63 64 65 66 67 68 69 70 71 72
            73 74 75 76 77 78 79 80 81
vctsize   = 164
vct       = 0 0.934750027954578 2.04909984022379 4.00790013372898 7.11100026965141 
            11.608000099659 17.6469996571541 25.2430021762848 34.2790007591248 44.5250004529953 
            55.678004026413 68.3790028095245 82.7740013599396 99.0520000457764 117.449998855591 
            138.270008563995 161.909997463226 188.839995861053 219.679999351501 255.250000953674 
            296.580004692078 343.740010261536 397.420024871826 458.360004425049 527.390003204346 
            605.389976501465 693.330001831055 792.250061035156 903.259944915771 1027.60000228882 
            1166.4999961853 1321.399974823 1493.70002746582 1685.00003814697 1896.99993133545 
            2131.4998626709 2390.29998779297 2675.3999710083 2988.89999389648 3332.89985656738 
            3709.70001220703 4121.80023193359 4571.59996032715 5061.69967651367 5594.80018615723 
            6173.69995117188 6818.29986572266 7537.69989013672 8341.50009155273 9240.49987792969 
            10247.0001220703 11375 12639.9993896484 14061.0000610352 15658.9996337891 
            17457.9986572266 19483.9996337891 21769.0002441406 24350 27268.0023193359 
            30570.0012207031 34311.9995117188 32094.6350097656 29576.3916015625 26713.4033203125 
            23453.4286499023 20214.8727416992 17080.7830810547 14364.5706176758 12066.2414550781 
            10185.7872009277 8618.74465942383 7156.16989135742 5798.0640411377 4596.66328430176 
            3499.73068237305 2559.50698852539 1775.98247528076 1149.16658401489 626.818990707397 
            261.173796653748 0 
            0 0 0 0 0 0 0 0 0 0 0 0 0 0 0 0 0 0 0 0 0 0 0 0 0 0 0 0 0 0 0 0 0 0 0 
            0 0 0 0 0 0 0 0 0 0 0 0 0 0 0 0 0 0 0 0 0 0 0 0 0 0 0 0.0646236464381218 
            0.13801608979702 0.221455961465836 0.316465705633163 0.410851240158081 
            0.502192139625549 0.581354320049286 0.648337602615356 0.703142106533051 
            0.748812556266785 0.791438281536102 0.831019341945648 0.866033375263214 
            0.898002743721008 0.925404906272888 0.948240220546722 0.966508328914642 
            0.981731772422791 0.992388248443604 1 
