#
# zaxisID 1
#
zaxistype = hybrid
size      = 47
name      = lev
longname  = "hybrid"
units     = "level"
levels    = 1 2 3 4 5 6 7 8 9 10 11 12 13 14 15 16 17 18 19 20 21 22 23 24 25 26
            27 28 29 30 31 32 33 34 35 36 37 38 39 40 41 42 43 44 45 46 47
vctsize   = 96
vct       = 0 1.98918533325195 6.57208919525146 15.6739025115967 30.6242828369141 
            54.5457153320312 92.558837890625 150.504699707031 235.327453613281 356.100341796875 
            523.91943359375 751.04296875 1051.13720703125 1438.98852539062 1930.17724609375 
            2540.69702148438 3286.55297851562 4199.57421875 5303.95703125 6624.703125 
            8187.18359375 9976.13671875 11820.5390625 13431.390625 14736.359375 15689.2109375 
            16266.609375 16465 16297.62109375 15791.6015625 14985.26953125 13925.51953125 
            12665.2890625 11261.23046875 9771.40625 8253.2109375 6761.33984375 5345.9140625 
            4050.71801757812 2911.56909179688 1954.80493164062 1195.88989257812 638.14892578125 
            271.62646484375 72.0635986328125 0 0 0 
            0 0 0 0 0 0 0 0 0 0 0 0 0 0 0 0 0 0 0 0 0 0.000400000018998981 0.00289999996311963 
            0.00919999927282333 0.0203000009059906 0.0370000004768372 0.0595000013709068 
            0.0878999829292297 0.121999979019165 0.161400020122528 0.205699980258942 
            0.254199981689453 0.30620002746582 0.361100018024445 0.418200016021729 
            0.476700007915497 0.535899996757507 0.595099985599518 0.653599977493286 
            0.710600018501282 0.765399992465973 0.817200005054474 0.865000009536743 
            0.907700002193451 0.944199979305267 0.97299998998642 0.992299973964691 
            1 
