#
# zaxisID 1
#
zaxistype = hybrid
size      = 47
name      = lev
longname  = "hybrid"
units     = "level"
levels    = 1 2 3 4 5 6 7 8 9 10 11 12 13 14 15 16 17 18 19 20 21 22 23 24 25 26
            27 28 29 30 31 32 33 34 35 36 37 38 39 40 41 42 43 44 45 46 47
vctsize   = 96
vct       = 0 0 0 72.0635986328125 271.62646484375 638.14892578125 1195.88989257812 
            1954.80493164062 2911.56909179688 4050.71801757812 5345.9140625 6761.33984375 
            8253.2109375 9771.40625 11261.23046875 12665.2890625 13925.51953125 14985.26953125 
            15791.6015625 16297.62109375 16465 16266.609375 15689.2109375 14736.359375 
            13431.390625 11820.5390625 9976.13671875 8187.18359375 6624.703125 5303.95703125 
            4199.57421875 3286.55297851562 2540.69702148438 1930.17724609375 1438.98852539062 
            1051.13720703125 751.04296875 523.91943359375 356.100341796875 235.327453613281 
            150.504699707031 92.558837890625 54.5457153320312 30.6242828369141 15.6739025115967 
            6.57208919525146 1.98918533325195 0 
            1 0.992299973964691 0.97299998998642 0.944199979305267 0.907700002193451 
            0.865000009536743 0.817200005054474 0.765399992465973 0.710600018501282 
            0.653599977493286 0.595099985599518 0.535899996757507 0.476700007915497 
            0.418200016021729 0.361100018024445 0.30620002746582 0.254199981689453 
            0.205699980258942 0.161400020122528 0.121999979019165 0.0878999829292297 
            0.0595000013709068 0.0370000004768372 0.0203000009059906 0.00919999927282333 
            0.00289999996311963 0.000400000018998981 0 0 0 0 0 0 0 0 0 0 0 0 0 0 
            0 0 0 0 0 0 0 
