#
# zaxisID 1
#
zaxistype = surface
size      = 1
name      = sfc
longname  = "surface"
levels    = 0 
#
# zaxisID 2
#
zaxistype = hybrid
size      = 95
name      = lev
longname  = "hybrid sigma pressure coordinate"
units     = "1"
levels    = 0.996149986982346 0.982649981975555 0.958955590856714 0.92764596935028 
            0.890839398367564 0.850150285205105 0.806847468901939 0.762013694224992 
            0.71645621368628 0.670718755689398 0.625244644059095 0.580391049863026 
            0.536607368350647 0.494269231567258 0.453720074659685 0.415434122019981 
            0.379706855931166 0.346627216303816 0.31615186284802 0.288181146681823 
            0.262550574931397 0.239108376167393 0.217722495906983 0.198233672276492 
            0.180468046766132 0.164286691261101 0.149550243857398 0.136120308460169 
            0.123895763156659 0.11278190637787 0.102652542191148 0.093409265146086 
            0.0849914343752549 0.0773250909819887 0.0703385994942018 0.0639610512274858 
            0.0581454516716013 0.0528483723476437 0.0480211995743893 0.0436208518381446 
            0.0396095966722181 0.0359530363311128 0.0326197957627837 0.0295812900937577 
            0.0268114583815229 0.0242865431470516 0.0219848891831668 0.0198867544103133 
            0.0179741424176536 0.0162306494610474 0.01464206683321 0.0131960531743462 
            0.0118811068286609 0.0106865224737077 0.00960234654499753 0.0086193374795676 
            0.00772892595955157 0.00692317876996978 0.00619475904229891 0.00553688770278189 
            0.00494330973969899 0.00440826408485998 0.00392644867613496 0.00349298792946583 
            0.00310340743931964 0.00275360626966136 0.0024398267601497 0.00215863088310838 
            0.00190687938645949 0.00168170672006558 0.00148050123281077 0.00130088529438552 
            0.00114069677240431 0.000997971864856087 0.000870928911406289 0.000757953484735458 
            0.000657584310136781 0.000568500239261427 0.000489508127419119 0.000419531765026485 
            0.000357727306788567 0.000303427778348022 0.000255971852567735 0.000214713035675734 
            0.000179027949854853 0.000148322813427951 0.000122038198640957 9.96525329394073e-05 
            8.06842731482418e-05 6.46929266774563e-05 5.12790609341388e-05 4.00835221236704e-05 
            3.0785962266449e-05 2.31028532587744e-05 9.81585231793241e-06 
lbounds   = 1 0.992299973964691 0.97299998998642 0.944911191727007 0.910380746973552 
            0.871298049761577 0.829002520648633 0.784692417155246 0.739334971294737 
            0.693577456077822 0.647860055300974 0.602629232817216 0.558152866908835 
            0.515061869792458 0.473476593342058 0.433963555977311 0.396904688062651 
            0.36250902379968 0.330745408807953 0.301558316888087 0.27480397647556 
            0.250297173387234 0.227919578947552 0.207525412866415 0.188941931686569 
            0.171994161845695 0.156579220676507 0.142521267038288 0.12971934988205 
            0.118072176431268 0.107491636324473 0.0978134480578232 0.0890050822343489 
            0.0809777865161609 0.0736723954478164 0.0670048035405872 0.0609172989143844 
            0.0553736044288182 0.0503231402664693 0.0457192588823094 0.0415224447939798 
            0.0376967485504565 0.0342093241117691 0.0310302674137984 0.028132312773717 
            0.0254906039893289 0.0230824823047742 0.0208872960615593 0.0188862127590674 
            0.0170620720762398 0.0153992268458549 0.013884906820565 0.0125071995281273 
            0.0112550141291944 0.0101180308182211 0.00908666227177399 0.00815201268736121 
            0.00730583923174192 0.00654051830819763 0.0058489997764002 0.00522477562916358 
            0.00466184385023439 0.00415468431948557 0.00369821303278436 0.0032877628261473 
            0.00291905205249198 0.00258816048683074 0.00229149303346865 0.00202576873274812 
            0.00178799004017086 0.00157542339996029 0.00138557906566124 0.00121619152310981 
            0.00106520202169882 0.000930741708013354 0.000811116114799223 0.000704790854671694 
            0.000610377765601869 0.000526622712920984 0.000452393541917253 0.000386669988135717 
            0.000328784625441417 0.000278070931254626 0.000233872773880844 0.000195553297470624 
            0.000162502602239082 0.00013414302461682 0.000109933372665093 8.93716932137219e-05 
            7.19968530827618e-05 5.73890002721508e-05 4.51691215961267e-05 3.49979226512142e-05 
            2.65740018816839e-05 1.96317046358648e-05 
ubounds   = 0.992299973964691 0.97299998998642 0.944911191727007 0.910380746973552 
            0.871298049761577 0.829002520648633 0.784692417155246 0.739334971294737 
            0.693577456077822 0.647860055300974 0.602629232817216 0.558152866908835 
            0.515061869792458 0.473476593342058 0.433963555977311 0.396904688062651 
            0.36250902379968 0.330745408807953 0.301558316888087 0.27480397647556 
            0.250297173387234 0.227919578947552 0.207525412866415 0.188941931686569 
            0.171994161845695 0.156579220676507 0.142521267038288 0.12971934988205 
            0.118072176431268 0.107491636324473 0.0978134480578232 0.0890050822343489 
            0.0809777865161609 0.0736723954478164 0.0670048035405872 0.0609172989143844 
            0.0553736044288182 0.0503231402664693 0.0457192588823094 0.0415224447939798 
            0.0376967485504565 0.0342093241117691 0.0310302674137984 0.028132312773717 
            0.0254906039893289 0.0230824823047742 0.0208872960615593 0.0188862127590674 
            0.0170620720762398 0.0153992268458549 0.013884906820565 0.0125071995281273 
            0.0112550141291944 0.0101180308182211 0.00908666227177399 0.00815201268736121 
            0.00730583923174192 0.00654051830819763 0.0058489997764002 0.00522477562916358 
            0.00466184385023439 0.00415468431948557 0.00369821303278436 0.0032877628261473 
            0.00291905205249198 0.00258816048683074 0.00229149303346865 0.00202576873274812 
            0.00178799004017086 0.00157542339996029 0.00138557906566124 0.00121619152310981 
            0.00106520202169882 0.000930741708013354 0.000811116114799223 0.000704790854671694 
            0.000610377765601869 0.000526622712920984 0.000452393541917253 0.000386669988135717 
            0.000328784625441417 0.000278070931254626 0.000233872773880844 0.000195553297470624 
            0.000162502602239082 0.00013414302461682 0.000109933372665093 8.93716932137219e-05 
            7.19968530827618e-05 5.73890002721508e-05 4.51691215961267e-05 3.49979226512142e-05 
            2.65740018816839e-05 1.96317046358648e-05 0 
vctsize   = 192
vct       = 0 0 0 72.0635986328125 271.62646484375 638.14892578125 1195.88989257812 
            1954.80493164062 2911.56909179688 4050.71801757812 5345.9140625 6761.33984375 
            8253.2109375 9756.421875 11218.07421875 12573 13765.30859375 14753.79296875 
            15520.1796875 16058.29296875 16370.24609375 16464.95703125 16355.96484375 
            16062.0859375 15604.63671875 15005.62109375 14289.19140625 13479.76171875 
            12606.0390625 11698.04296875 10779.6796875 9876.25 9013.734375 8205.07421875 
            7464.85546875 6789.26171875 6172.4453125 5610.73046875 5098.9921875 4632.50390625 
            4207.26171875 3819.623046875 3466.259765625 3144.14184570312 2850.50659179688 
            2582.83544921875 2338.83251953125 2116.4052734375 1913.6455078125 1728.814453125 
            1560.32666015625 1406.88818359375 1267.2919921875 1140.41430664062 1025.20947265625 
            920.7060546875 826.002685546875 740.26416015625 662.718017578125 592.64990234375 
            529.400390625 472.361328125 420.973388671875 374.721435546875 333.132568359375 
            295.77294921875 262.245361328125 232.185531616211 205.261016845703 181.168090820312 
            159.629776000977 140.393798828125 123.230606079102 107.931594848633 94.3074035644531 
            82.1863403320312 71.4129333496094 61.8465270996094 53.3600463867188 45.8387756347656 
            39.1793365478516 33.3141021728516 28.175537109375 23.6971588134766 19.8144378662109 
            16.465576171875 13.5920419692993 11.1389989852905 9.05558681488037 7.29508113861084 
            5.81494045257568 4.57676124572754 3.54616451263428 2.69261074066162 1.989182472229 
            0 
            1 0.992299973964691 0.97299998998642 0.944199979305267 0.907700002193451 
            0.865000009536743 0.817200005054474 0.765399992465973 0.710600018501282 
            0.653599977493286 0.595099985599518 0.535899996757507 0.476700007915497 
            0.418773472309113 0.362762808799744 0.309877693653107 0.261051654815674 
            0.216900408267975 0.177573144435883 0.143075287342072 0.113242208957672 
            0.0878006815910339 0.0664987564086914 0.0490049496293068 0.0349361412227154 
            0.0239001959562302 0.0155558660626411 0.0094863623380661 0.00530741736292839 
            0.00262146862223744 0.00110446941107512 0.00034243892878294 4.64404874946922e-05 
            0 0 0 0 0 0 0 0 0 0 0 0 0 0 0 0 0 0 0 0 0 0 0 0 0 0 0 0 0 0 0 0 0 0 0 
            0 0 0 0 0 0 0 0 0 0 0 0 0 0 0 0 0 0 0 0 0 0 0 0 0 0 0 0 
axis = "Z"
formula = "p = ap + b*ps"
