#
# zaxisID 1
#
zaxistype = hybrid
size      = 80
name      = lev
longname  = "hybrid sigma pressure coordinate"
units     = "1"
levels    = 9.99999977648236e-06 2.84788614617392e-05 5.23156790494042e-05 9.16039347123584e-05 
            0.000153582281331467 0.000247397612803212 0.000384193877652387 0.000577030923440545 
            0.000840570513676096 0.00119063766350019 0.00164384672552966 0.00221703253164805 
            0.00292656784279702 0.003788075722112 0.00481597707376138 0.00602313966391582 
            0.00742062731585535 0.00901759846923721 0.0108214054326965 0.0128376987355325 
            0.0150704767435992 0.0175223828084952 0.020194960540066 0.0230888511126251 
            0.0262041460447311 0.0295405862225131 0.0330978126085797 0.0368755667754882 
            0.0408739368635166 0.0450935192789029 0.0495354570288326 0.0542016414296378 
            0.0590947199298841 0.0642182428708016 0.069576743409517 0.075175672838749 
            0.0810215326530008 0.0871218191766901 0.0934850238043215 0.100120744678953 
            0.107131369627817 0.114593096286179 0.122576407269265 0.131292282992694 
            0.14098919907735 0.15194523909689 0.164458783815287 0.178837420932227 
            0.195383850371315 0.214378296876486 0.236056891222456 0.260587113879873 
            0.288224417666868 0.318867333268305 0.351864240402096 0.386368929982904 
            0.421872934906146 0.458376388693672 0.495879386632673 0.533887888595011 
            0.571895282166607 0.609901757771921 0.6474122013617 0.684416895384779 
            0.720429319192332 0.754439968894772 0.786945855947015 0.817954207731026 
            0.84696147420641 0.873470213852569 0.89697754460556 0.917981880761578 
            0.936985600508189 0.952991409729079 0.965993779444381 0.976995733320509 
            0.985497936138526 0.991498969430997 0.995499621645451 0.998499613940876 
lbounds   = 1.99999995529652e-05 3.79000008106232e-05 6.81999996304512e-05 0.000117200002074242 
            0.00019310000538826 0.000305999994277954 0.000468100011348724 0.000693300008773804 
            0.000996999979019165 0.00139540004730225 0.00190550005435944 0.00254390001296997 
            0.00332669997215271 0.00426900005340576 0.00538450002670288 0.00668520021438599 
            0.00818120002746582 0.00988070011138916 0.0117902002334595 0.0139145002365112 
            0.016256799697876 0.0188192005157471 0.0216026992797852 0.0246075992584228 
            0.0278337993621826 0.0312808990478516 0.034948600769043 0.0388367004394531 
            0.0429455986022949 0.0472761001586914 0.0518297004699707 0.056608699798584 
            0.0616161008458585 0.0668560028267093 0.0723333979360759 0.0780541964098811 
            0.0840255001187325 0.0902552030012012 0.0967524014115334 0.103527199737728 
            0.110776300370693 0.118452601835132 0.126746803686023 0.135890599742532 
            0.146149702191353 0.157814998149872 0.171192699939013 0.186591900587082 
            0.204308701038361 0.224606800854206 0.247693593859672 0.273694994688034 
            0.302999997138977 0.335000000238419 0.369000002384186 0.404000008106232 
            0.440000010728836 0.47700001335144 0.514999997138977 0.553000001192093 
            0.591000025272369 0.629000024795532 0.666000010490417 0.70300000333786 
            0.738000002384186 0.770999988079071 0.802999982833862 0.833 0.860999999046326 
            0.885999999523163 0.908000018835068 0.928000028729439 0.945999979972839 
            0.959999978542328 0.972000002861023 0.98199999332428 0.989000022411346 
            0.994000017642975 0.996999979019165 1 
ubounds   = 0 1.99999995529652e-05 3.79000008106232e-05 6.81999996304512e-05 0.000117200002074242 
            0.00019310000538826 0.000305999994277954 0.000468100011348724 0.000693300008773804 
            0.000996999979019165 0.00139540004730225 0.00190550005435944 0.00254390001296997 
            0.00332669997215271 0.00426900005340576 0.00538450002670288 0.00668520021438599 
            0.00818120002746582 0.00988070011138916 0.0117902002334595 0.0139145002365112 
            0.016256799697876 0.0188192005157471 0.0216026992797852 0.0246075992584228 
            0.0278337993621826 0.0312808990478516 0.034948600769043 0.0388367004394531 
            0.0429455986022949 0.0472761001586914 0.0518297004699707 0.056608699798584 
            0.0616161008458585 0.0668560028267093 0.0723333979360759 0.0780541964098811 
            0.0840255001187325 0.0902552030012012 0.0967524014115334 0.103527199737728 
            0.110776300370693 0.118452601835132 0.126746803686023 0.135890599742532 
            0.146149702191353 0.157814998149872 0.171192699939013 0.186591900587082 
            0.204308701038361 0.224606800854206 0.247693593859672 0.273694994688034 
            0.302999997138977 0.335000000238419 0.369000002384186 0.404000008106232 
            0.440000010728836 0.47700001335144 0.514999997138977 0.553000001192093 
            0.591000025272369 0.629000024795532 0.666000010490417 0.70300000333786 
            0.738000002384186 0.770999988079071 0.802999982833862 0.833 0.860999999046326 
            0.885999999523163 0.908000018835068 0.928000028729439 0.945999979972839 
            0.959999978542328 0.972000002861023 0.98199999332428 0.989000022411346 
            0.994000017642975 0.996999979019165 
vctsize   = 162
vct       = 0 1.99999995529652 3.79000008106232 6.81999996304512 11.7200002074242 
            19.310000538826 30.5999994277954 46.8100011348724 69.3300008773804 99.6999979019165 
            139.540004730225 190.550005435944 254.390001296997 332.669997215271 426.900005340576 
            538.450002670288 668.520021438599 818.120002746582 988.070011138916 1179.02002334595 
            1391.45002365112 1625.6799697876 1881.92005157471 2160.26992797852 2460.75992584229 
            2783.37993621826 3128.08990478516 3494.8600769043 3883.67004394531 4294.55986022949 
            4727.61001586914 5182.97004699707 5660.8699798584 6142.87757873535 6590.67077636719 
            7033.48770141602 7468.71719360352 7893.96667480469 8307.00912475586 8705.79071044922 
            9088.39416503906 9462.1452331543 9820.02716064453 10165.6364440918 10500.5996704102 
            10823.3444213867 11128.0281066894 11403.8383483887 11634.8571777344 11800.7553100586 
            11878.5064697266 11845.1248168945 11681.1546325684 11369.6479797363 10912.638092041 
            10329.4357299805 9656.18133544922 8914.08157348633 8122.15957641602 7297.46932983398 
            6476.71203613281 5671.82350158691 4891.88003540039 4162.95547485352 3468.87054443359 
            2847.48344421387 2294.84043121338 1790.90595245361 1347.67847061157 959.795475006104 
            634.600925445557 364.902281761169 133.049070835113 0 0 0 0 0 0 0 0 
            0 0 0 0 0 0 0 0 0 0 0 0 0 0 0 0 0 0 0 0 0 0 0 0 0 0 0 0 0 0 0 0 0 0.000187325058504939 
            0.000949295063037425 0.00199852092191577 0.00336702447384596 0.00508583337068558 
            0.00718511175364256 0.00969449430704117 0.012643258087337 0.0161548480391502 
            0.0202523302286863 0.0250904392451048 0.0308846030384302 0.0379162579774857 
            0.0465347170829773 0.0571543164551258 0.0702433288097382 0.0863011479377747 
            0.105821736156941 0.129242345690727 0.15688344836235 0.189303517341614 
            0.225873619318008 0.265705645084381 0.30743819475174 0.350859194993973 
            0.39577841758728 0.442025303840637 0.488232880830765 0.5342817902565 
            0.580081224441528 0.624370455741882 0.668311297893524 0.709525167942047 
            0.748051583766937 0.785090923309326 0.819523215293884 0.851402044296265 
            0.879653990268707 0.904350996017456 0.926669538021088 0.945999979972839 
            0.959999978542328 0.972000002861023 0.98199999332428 0.989000022411346 
            0.994000017642975 0.996999979019165 1 
axis = "Z"
standard_name = "atmosphere_hybrid_sigma_pressure_coordinate"
formula = "p = a*p0 + b*ps"
